# KROG

[0.99957321180266834, 1.9487083623968093, 2.5663924805880214, 3.3737996880942309, 3.6591330619822222, 3.2546935714250274, 3.5207041151113891, 3.2415162057470792, 3.2827082096272635, 3.3518236229230536, 3.2503715049807562, 2.9972653669284428, 2.9747524431695753, 3.0850221193385967, 2.8000646254846302, 3.024945148117137, 2.7403971853139284, 2.7900970955124964, 2.8090435397529485, 2.3176841926999949, 2.032160211230579, 2.2477294788363316, 4.4695102631857804, 6.4480539309246998, 7.2345249843722961, 7.8183182148211356, 7.7864415425846616, 7.9129038698280567, 7.1964620176251488, 7.129826763225565, 7.5587759092493014, 7.051649446291604, 6.888738688257515, 6.7692896697798366, 6.6725970408141633, 6.1648864821305969, 6.2154705495769509, 6.3136141712841596, 6.3240862018685009, 6.0941446789557414, 5.2335679442631493, 4.601909187697844, 3.9934434991960868, 7.7635471602730615, 11.114339371719504, 11.894960946259522, 14.315452375277388, 13.772565095986034, 13.922076819478578, 12.610966594914952, 12.428620744235811, 13.446630142447258, 11.815641236441483, 12.690850615023267, 12.378804092292301, 11.519107297214045, 11.020393224268691, 11.511865574151631, 11.299030190982414, 10.962927059251692, 10.793057429994656, 9.4782167423526325, 8.2940289023083142, 99.977373501766763, 199.34340023587555, 264.05867018592107, 313.7963080560171, 320.35904187880993, 359.63653306341337, 336.06471490242336, 336.82663549236429, 296.02357393405691, 341.35742358343845, 327.63708219679978, 308.86727022100837, 297.62412227373773, 306.60257415254648, 286.97774426683645, 307.64000924643909, 302.22038294079522, 267.9247207318478, 287.22487086998746, 228.40668381013342, 209.98799817518815]


# KVADRAT

[[2.3708938627721876, 3.5637254409281267, 3.1831948238283072, 4.0158121419771327, 4.3185021629191152, 3.3398680883139731, 3.907415210732871, 3.4670362434811461, 3.3548163185603412, 3.6271469785419255, 3.4837451722356714, 3.4582129074966961, 3.231011183139552, 2.9526904469246111, 2.943362869211239, 3.1069518138547236, 2.8736574149289629, 2.8122698673177497, 2.8326695255581731, 2.3072628658452521, 2.0797721745881717], [5.5442512514189506, 6.9249157346251398, 7.8067140520042217, 8.4842195904733622, 7.9674670365220521, 7.8441461603411522, 7.7088102478117921, 7.6512066063366957, 7.7161732293985699, 7.3654672977286859, 6.9420225697056566, 7.5467892552698901, 6.7104320968588045, 7.2432894121119498, 6.6486750458558177, 6.6034165690133504, 6.8092037421482825, 6.7774495300950752, 6.3983906098082866, 5.2008637082381455, 4.8938915081748613], [9.6462299467049739, 12.453238843424156, 15.372621232726647, 14.394648241150787, 15.004403055657395, 15.105296325742367, 15.229478625281205, 15.551621718085499, 13.385760309426068, 14.158472325018769, 13.615928510335792, 12.598844923946954, 13.230843583120674, 12.72081363606603, 13.324548727250065, 11.601658518599237, 12.334708300214043, 11.458424787984136, 11.333493862522619, 9.4098710816203788, 8.5081668004000761], [243.21766750075832, 339.6561524890958, 356.62198032699996, 348.52685959075376, 339.32381952082756, 374.86173717122546, 393.46075432287722, 352.68046395991621, 333.30429019196032, 329.70596325650075, 314.29079519134785, 315.78548910494959, 315.78303015386552, 311.13575620998853, 295.84373635649825, 311.95348718058074, 299.60617045169215, 292.33232101316821, 290.68135072974655, 243.03612295835288, 209.11249283038265]]


# PRAVOKOTNIK

[4.8679402008409252, 4.8140396198907043, 4.4443864662122499, 4.8258778300453002, 4.1330742176528217, 4.1501210759080349, 3.8963399686411999, 3.9609548362399098, 4.0316657638892872, 3.7781524046192363, 4.1578025743884464, 3.7434927032409679, 3.5158783320029583, 3.5697436715887991, 3.5726838160141514, 3.8362032007613038, 3.0570427119645034, 3.3643763970571472, 3.1757009887287615, 2.3997574705147331, 2.2220755922205622]


# ELIPSA

[[1.0291116932995965, 1.9922286019386608, 1.755238328560641, 1.8546270496332955, 1.6542170768551041, 1.6570590195415926, 1.5299492314951741, 1.5629938387667406, 1.4636470684013707, 1.3486233607816396, 1.4767730102564833, 1.243761100749579, 1.2893076344087289, 1.1289324237718987, 1.2832916518388959, 1.1620196665142641, 1.2000514546328416, 1.1890227830378381, 1.0782124676082021, 0.84070213876881217, 0.72782850092656193], [2.3443247946522567, 4.5180714971872806, 4.0133449238753443, 3.9303466805241083, 3.6159652855747866, 3.6689892235994437, 3.4271848454811793, 3.4012278217487291, 3.3838248676591145, 3.3521681239215342, 3.1262704948086473, 3.415412277642448, 3.0480134486506283, 2.7811630085169825, 2.8913100517076828, 3.0400706735517948, 2.6496961850908698, 2.5962747550159024, 2.8050825594386395, 1.7609457404368825, 1.6452699820588119], [4.1983690059565557, 8.0343683584168826, 7.5677022431910865, 7.3455231256581959, 6.7544498249124132, 6.3616457602732694, 6.1679292735741766, 6.2277784421951381, 5.8348374789421964, 5.4893014895925729, 5.3578589157535381, 5.5090051569953467, 5.4008336835977975, 5.1464301878248335, 4.940385295486176, 4.6208362993620016, 5.1544226005753293, 4.1366034114559946, 4.3721244811123068, 3.2428438871146934, 2.8919476217544147], [104.62317931324759, 190.40747429671598, 183.02720100057979, 173.42914182275345, 185.95716700662678, 161.89744578000818, 155.61186159315079, 162.57395316165537, 139.4060312494118, 153.66493554605563, 131.32055833495019, 135.47873513308338, 131.65835607270645, 121.16595715076492, 119.62662799118222, 107.70334377272194, 116.08691284376474, 111.6975368086726, 115.38348503347024, 79.722817945863923, 71.512135469879183]]


# TRIKOTNIKI

[[5.0579331571867296, 5.1716150927961415, 4.3859655709976497, 4.2091741588978646, 4.6090827978669369, 4.5244392589587887, 4.1242806286634952, 3.5063400655364729, 3.8363741025409732, 3.2852594720343253, 3.2039434022948265, 3.5813161552080386, 3.5870972097460849, 3.1057678151406343, 2.8207737413032028, 2.8476952539141389, 3.0070276492181724, 2.7242888944134371, 2.8184763113250462, 2.1711749214612537, 1.8584131066188365], [11.765951433783632, 13.594464077779234, 11.116906377193587, 11.203194048166312, 8.7719236489784826, 9.2817584083588311, 9.1809554319760043, 8.1571506651242327, 8.0738242025356612, 7.4803390381838444, 7.7307078933652171, 6.741205685682286, 6.2990135548276136, 6.4585633053729943, 6.6709833047674056, 6.8500780846834637, 6.2198174733348104, 5.978479814428197, 5.8903956382161038, 4.6936728699176609, 4.1867818687734157], [22.21366938702797, 22.392383511241064, 22.120884167394319, 17.17754031490843, 20.606295792016397, 17.702262038202896, 15.617132189270592, 15.09745918673384, 14.056299346909995, 14.349332987280588, 12.978716249651335, 13.838308816013726, 12.393485681161437, 11.97354862272962, 11.808917155262494, 11.886184155125935, 10.946546609341704, 12.127523654697304, 11.146522436495012, 8.6059945778040916, 7.6757104570388428], [547.18779143905419, 485.93507365189578, 434.72896042131447, 459.03777507035448, 423.56846244275016, 356.68843584904425, 399.72468325980742, 390.14441043880851, 336.48342352105243, 319.81346950667773, 344.52440702091377, 319.61218814312349, 324.07578361007626, 293.85555054400731, 303.56950443517997, 275.75214498514009, 287.96912586071272, 321.90677411720731, 261.57189308834694, 219.26895074810665, 187.0824578303035]]





